50 49 1000000000
1 2 50 1
2 3 50 1
3 4 50 1
4 5 50 1
5 6 50 1
6 7 50 1
7 8 50 1
8 9 50 1
9 10 50 1
10 11 50 1
11 12 50 1
12 13 50 1
13 14 50 1
14 15 50 1
15 16 50 1
16 17 50 1
17 18 50 1
18 19 50 1
19 20 50 1
20 21 50 1
21 22 50 1
22 23 50 1
23 24 50 1
24 25 50 1
25 26 50 1
26 27 50 1
27 28 50 1
28 29 50 1
29 30 50 1
30 31 50 1
31 32 50 1
32 33 50 1
33 34 50 1
34 35 50 1
35 36 50 1
36 37 50 1
37 38 50 1
38 39 50 1
39 40 50 1
40 41 50 1
41 42 50 1
42 43 50 1
43 44 50 1
44 45 50 1
45 46 50 1
46 47 50 1
47 48 50 1
48 49 50 1
49 50 50 1
1 1000000000
1 1000000000
1 1000000000
1 1000000000
1 1000000000
1 1000000000
1 1000000000
1 1000000000
1 1000000000
1 1000000000
1 1000000000
1 1000000000
1 1000000000
1 1000000000
1 1000000000
1 1000000000
1 1000000000
1 1000000000
1 1000000000
1 1000000000
1 1000000000
1 1000000000
1 1000000000
1 1000000000
1 1000000000
1 1000000000
1 1000000000
1 1000000000
1 1000000000
1 1000000000
1 1000000000
1 1000000000
1 1000000000
1 1000000000
1 1000000000
1 1000000000
1 1000000000
1 1000000000
1 1000000000
1 1000000000
1 1000000000
1 1000000000
1 1000000000
1 1000000000
1 1000000000
1 1000000000
1 1000000000
1 1000000000
1 1000000000
1 1000000000
